010|000001	|平安银行 	|316124	|4041900.93	    |12.78		|12.88	   |15.46     |10.3      |12.77		|12.77		|T0    |11:19:36.550
010|000002	|万 科Ａ	|293875	|7874400.90	  	|26.96		|27.10	   |32.52     |21.68     |26.73	    |26.73	    |T0    |11:19:36.550
010|000004	|国农科技	|55143	|1812300.12	  	|30.90		|31.15	   |37.38     |24.92     |33.99		|33.99		|T0    |11:19:36.550
010|000005	|世纪星源	|50173	|142300.79		|2.82		|2.81	   |3.37      |2.25      |2.83		|2.83		|T0    |11:19:36.550
010|000006	|深振业Ａ	|82647	|388000.91		|4.64		|4.67	   |5.6       |3.74      |4.67		|4.67		|T0    |11:19:36.550
010|000007	|全新好		|23128	|188900.51		|8.20		|8.17	   |9.8       |6.54      |8.13		|8.13		|T0    |11:19:36.550
010|000008	|神州高铁	|193428	|627000.74		|3.23		|3.24	   |3.89      |2.59      |3.22		|3.22		|T0    |11:19:36.550
010|000009	|中国宝安	|353844	|2279300.58	  	|6.37		|6.43	   |7.72      |5.14      |6.43		|6.43		|T0    |11:19:36.550
010|000010	|*ST美丽	|39452	|145900.13		|3.63		|3.63	   |4.36      |2.9       |3.69	    |3.69	    |T0    |11:19:36.550
010|000011	|深物业A	|47570	|419600.74		|8.68		|8.69	   |10.43     |6.95      |8.73	    |8.73	    |T0    |11:19:36.550
010|000012	|南 玻Ａ	|88564	|409100.99		|4.58		|4.65	   |5.58      |3.72      |4.61	    |4.61	    |T0    |11:19:36.550
010|000014	|沙河股份	|23907	|199100.90		|8.26		|8.28	   |9.94      |6.62      |8.31		|8.31		|T0    |11:19:36.550
010|000016	|深康佳Ａ	|886687	|7780100.51	  	|8.83		|8.87	   |10.64     |7.1       |8.74		|8.74		|T0    |11:19:36.550
010|000017	|深中华A	|72016	|276000.76		|3.76		|3.77	   |4.52      |3.02      |3.81	    |3.81	    |T0    |11:19:36.550
010|000019	|深粮控股	|257151	|1991700.63	  	|7.92		|7.68	   |9.22      |6.14      |7.71		|7.71		|T0    |11:19:36.550
010|000020	|深华发Ａ	|17126	|165600.10		|9.54		|9.54	   |11.45     |7.63      |9.63		|9.63		|T0    |11:19:36.550
010|000021	|深科技		|691992	|14072100.72	|20.40		|20.51	   |24.61     |16.41     |20.41		|20.41		|T0    |11:19:36.550
010|000023	|深天地Ａ	|127313	|2355400.84		|17.33		|17.50	   |21        |14        |18.19		|18.19		|T0    |11:19:36.550
010|000025	|特 力Ａ	|72283	|1434600.74		|19.54		|19.49	   |23.39     |15.59     |19.69	    |19.69	    |T0    |11:19:36.550
010|000026	|飞亚达		|88647	|821800.53		|9.11		|9.11	   |10.93     |7.29      |9.37		|9.37		|T0    |11:19:36.550
010|000027	|深圳能源	|41726	|225600.02		|5.40		|5.43	   |6.52      |4.34      |5.41		|5.41		|T0    |11:19:36.550
010|000028	|国药一致	|16990	|708200.53		|41.49		|41.50	   |49.8      |33.2      |41.78		|41.78		|T0    |11:19:36.550
010|000029	|深深房Ａ	|0		|0.00			|10.97		|0.00	   |0         |0         |0.00		|0.00		|T0    |11:19:36.550
010|000030	|富奥股份	|77860	|414200.48		|5.31		|5.33	   |6.4       |4.26      |5.35		|5.35		|T0    |11:19:36.550
010|000031	|大悦城		|54522	|298700.07		|5.46		|5.50	   |6.6       |4.4       |5.45		|5.45		|T0    |11:19:36.550
010|000032	|深桑达Ａ	|43960	|755100.92		|16.83		|16.91	   |20.29     |13.53     |17.15		|17.15		|T0    |11:19:36.550
010|000034	|神州数码	|122368	|3158000.97		|25.92		|26.20	   |31.44     |20.96     |25.66		|25.66		|T0    |11:19:36.550
010|000035	|中国天楹	|50695	|247300.85		|4.89		|4.92	   |5.9       |3.94      |4.87		|4.87		|T0    |11:19:36.550
010|000036	|华联控股	|44748	|156300.72		|3.48		|3.49	   |4.19      |2.79      |3.49		|3.49		|T0    |11:19:36.550
010|000037	|深南电A	|18646	|220100.23		|11.78		|11.73	   |14.08     |9.38      |11.79	    |11.79	    |T0    |11:19:36.550
010|000038	|深大通		|110859	|1068100.42		|9.44		|9.39	   |11.27     |7.51      |9.62		|9.62		|T0    |11:19:36.550
010|000039	|中集集团	|52922	|410100.11		|7.69		|7.71	   |9.25      |6.17      |7.79		|7.79		|T0    |11:19:36.550
010|000040	|东旭蓝天	|168038	|583100.17		|3.47		|3.49	   |4.19      |2.79      |3.45		|3.45		|T0    |11:19:36.550
010|000042	|中洲控股	|5620	|54300.09		|9.68		|9.61	   |11.53     |7.69      |9.69		|9.69		|T0    |11:19:36.550
010|000045	|深纺织Ａ	|42748	|313200.00		|7.22		|7.24	   |8.69      |5.79      |7.30		|7.30		|T0    |11:19:36.550
010|000046	|泛海控股	|127871	|516100.48		|3.99		|4.01	   |4.81      |3.21      |4.03		|4.03		|T0    |11:19:36.550
010|000048	|京基智农	|38044	|908100.43		|22.47		|22.85	   |27.42     |18.28     |24.08		|24.08		|T0    |11:19:36.550
010|000049	|德赛电池	|28091	|1020900.93		|36.32		|36.63	   |43.96     |29.3      |36.31		|36.31		|T0    |11:19:36.550
010|000050	|深天马Ａ	|95004	|1328700.61		|13.96		|14.01	   |16.81     |11.21     |13.96		|13.96		|T0    |11:19:36.550
010|000055	|方大集团	|31455	|131700.80		|4.18		|4.21	   |5.05      |3.37      |4.20		|4.20		|T0    |11:19:36.550
010|000056	|皇庭国际	|75989	|276400.69		|3.58		|3.58	   |4.3       |2.86      |3.64		|3.64		|T0    |11:19:36.550
010|000058	|深 赛 格	|418885	|3086200.13		|6.98		|6.98	   |8.38      |5.58      |7.26		|7.26		|T0    |11:19:36.550
010|000059	|华锦股份	|158217	|894100.24		|5.67		|5.65	   |6.78      |4.52      |5.61		|5.61		|T0    |11:19:36.550
010|000060	|中金岭南	|195227	|713400.31		|3.68		|3.70	   |4.44      |2.96      |3.64		|3.64		|T0    |11:19:36.550
010|000061	|农 产 品	|209727	|1401200.65		|6.69		|6.68	   |8.02      |5.34      |6.71		|6.71		|T0    |11:19:36.550
010|000062	|深圳华强	|23965	|296200.32		|12.37		|12.46	   |14.95     |9.97      |12.30		|12.30		|T0    |11:19:36.550
010|000063	|中兴通讯	|725248	|30057300.46	|41.13		|41.43	   |49.72     |33.14     |41.16		|41.16		|T0    |11:19:36.550
010|000065	|北方国际	|24762	|185400.35		|7.38		|7.44	   |8.93      |5.95      |7.46		|7.46		|T0    |11:19:36.550
010|000066	|中国长城	|254885	|3247100.02		|12.66		|12.79	   |15.35     |10.23     |12.69		|12.69		|T0    |11:19:36.550
010|000068	|华控赛格	|238077	|828800.46		|3.39		|3.38	   |4.06      |2.7       |3.44		|3.44		|T0    |11:19:36.550
010|000069	|华侨城Ａ	|166939	|1067600.30		|6.38		|6.45	   |7.74      |5.16      |6.40		|6.40		|T0    |11:19:36.550
010|000070	|特发信息	|136690	|1375900.65		|9.96		|10.05	   |12.06     |8.04      |10.07		|10.07		|T0    |11:19:36.550
010|000078	|海王生物	|657876	|3176300.14		|4.75		|4.75	   |5.7       |3.8       |4.85		|4.85		|T0    |11:19:36.550
010|000088	|盐 田 港	|22762	|103600.53		|4.55		|4.55	   |5.46      |3.64      |4.56		|4.56		|T0    |11:19:36.550
010|000089	|深圳机场	|76045	|581800.27		|7.57		|7.60	   |9.12      |6.08      |7.67		|7.67		|T0    |11:19:36.550
010|000090	|天健集团	|65742	|323700.15		|4.89		|4.89	   |5.87      |3.91      |4.90		|4.90		|T0    |11:19:36.550
010|000096	|广聚能源	|7631	|84600.92		|11.14		|11.10	   |13.32     |8.88      |11.09		|11.09		|T0    |11:19:36.550
010|000099	|中信海直	|31924	|203300.93		|6.35		|6.44	   |7.73      |5.15      |6.36		|6.36		|T0    |11:19:36.550
010|000100	|TCL科技	|3040314|13913500.69	|4.61		|4.65	   |5.58      |3.72      |4.57	    |4.57	    |T0    |11:19:36.550
010|000150	|宜华健康	|415517	|2173100.21		|5.17		|5.20	   |6.24      |4.16      |5.35		|5.35		|T0    |11:19:36.550
010|000151	|中成股份	|22592	|188400.21		|8.34		|8.38	   |10.06     |6.7       |8.32		|8.32		|T0    |11:19:36.550
010|000153	|丰原药业	|95258	|679300.53		|7.05		|7.06	   |8.47      |5.65      |7.16		|7.16		|T0    |11:19:36.550
010|000155	|川能动力	|52832	|213500.03		|4.02		|4.01	   |4.81      |3.21      |4.05		|4.05		|T0    |11:19:36.550
010|000156	|华数传媒	|98177	|974000.32		|9.83		|9.98	   |11.98     |7.98      |9.98		|9.98		|T0    |11:19:36.550
010|000157	|中联重科	|229773	|1399500.48		|6.10		|6.11	   |7.33      |4.89      |6.10		|6.10		|T0    |11:19:36.550
010|000158	|常山北明	|418049	|3843300.46		|9.14		|9.21	   |11.05     |7.37      |9.22		|9.22		|T0    |11:19:36.550
010|000159	|国际实业	|92877	|503700.81		|5.41		|5.50	   |6.6       |4.4       |5.37		|5.37		|T0    |11:19:36.550
010|000166	|申万宏源	|365643	|1633000.78		|4.43		|4.46	   |5.35      |3.57      |4.46		|4.46		|T0    |11:19:36.550
010|000301	|东方盛虹	|40002	|199100.98		|4.94		|4.98	   |5.98      |3.98      |4.98		|4.98		|T0    |11:19:36.550
010|000333	|美的集团	|139853	|6760000.10		|48.24		|48.52	   |58.22     |38.82     |48.30		|48.30		|T0    |11:19:36.550
010|000338	|潍柴动力	|279089	|3681000.18		|13.08		|13.17	   |15.8      |10.54     |13.25		|13.25		|T0    |11:19:36.550
010|000400	|许继电气	|283749	|3982800.52		|13.60		|13.68	   |16.42     |10.94     |14.12		|14.12		|T0    |11:19:36.550
010|000401	|冀东水泥	|212874	|4285900.35		|19.97		|20.17	   |24.2      |16.14     |20.00		|20.00		|T0    |11:19:36.550
010|000402	|金 融 街	|29224	|196500.71		|6.72		|6.78	   |8.14      |5.42      |6.74		|6.74		|T0    |11:19:36.550
010|000403	|双林生物	|17280	|648100.03		|37.05		|37.13	   |44.56     |29.7      |37.80		|37.80		|T0    |11:19:36.550
010|000404	|长虹华意	|31209	|113400.80		|3.64		|3.65	   |4.38      |2.92      |3.63		|3.63		|T0    |11:19:36.550
010|000407	|胜利股份	|222317	|816900.89		|3.57		|3.58	   |4.3       |2.86      |3.66		|3.66		|T0    |11:19:36.550
010|000408	|藏格控股	|59319	|360300.16		|6.08		|6.12	   |7.34      |4.9       |6.06		|6.06		|T0    |11:19:36.550
010|000409	|ST地矿		|26001	|111900.17		|4.33		|4.36	   |5.23      |3.49      |4.29		|4.29		|T0    |11:19:36.550
010|000410	|*ST沈机	|15997	|82500.02		|5.14		|5.13	   |6.16      |4.1       |5.14	    |5.14	    |T0    |11:19:36.550
010|000411	|英特集团	|17547	|206400.47		|11.70		|11.80	   |14.16     |9.44      |11.82		|11.82		|T0    |11:19:36.550
010|000413	|东旭光电	|621755	|1990700.30		|3.17		|3.19	   |3.83      |2.55      |3.18		|3.18		|T0    |11:19:36.550
010|000415	|渤海租赁	|248966	|735100.41		|2.91		|2.93	   |3.52      |2.34      |2.95		|2.95		|T0    |11:19:36.550
010|000416	|民生控股	|98780	|471700.98		|4.68		|4.70	   |5.64      |3.76      |4.71		|4.71		|T0    |11:19:36.550
010|000417	|合肥百货	|82961	|386300.17		|4.61		|4.61	   |5.53      |3.69      |4.66		|4.66		|T0    |11:19:36.550
010|000419	|通程控股	|23504	|98800.43		|4.17		|4.18	   |5.02      |3.34      |4.21		|4.21		|T0    |11:19:36.550
010|000420	|吉林化纤	|619202	|1500500.35		|2.42		|2.38	   |2.86      |1.9       |2.42		|2.42		|T0    |11:19:36.550
010|000421	|南京公用	|12025	|50600.44		|4.20		|4.21	   |5.05      |3.37      |4.22		|4.22		|T0    |11:19:36.550
010|000422	|ST宜化		|67479	|178400.43		|2.63		|2.63	   |3.16      |2.1       |2.64		|2.64		|T0    |11:19:36.550
010|000423	|东阿阿胶	|53711	|1472200.91		|26.77		|26.90	   |32.28     |21.52     |27.72		|27.72		|T0    |11:19:36.550
010|000425	|徐工机械	|1105106|6249000.55		|5.69		|5.70	   |6.84      |4.56      |5.65		|5.65		|T0    |11:19:36.550
010|000426	|兴业矿业	|76336	|421600.88		|5.50		|5.52	   |6.62      |4.42      |5.53		|5.53		|T0    |11:19:36.550
010|000428	|华天酒店	|518573	|1813600.96		|3.23		|3.40	   |4.08      |2.72      |3.55		|3.55		|T0    |11:19:36.550
010|000429	|粤高速Ａ	|15467	|109400.25		|7.01		|7.01	   |8.41      |5.61      |7.10		|7.10		|T0    |11:19:36.550
010|000430	|张家界		|78425	|402500.23		|5.07		|5.08	   |6.1       |4.06      |5.18		|5.18		|T0    |11:19:36.550
010|000488	|晨鸣纸业	|338412	|1745600.92		|5.11		|5.08	   |6.1       |4.06      |5.17		|5.17		|T0    |11:19:36.550
010|000498	|山东路桥	|108870	|576200.66		|5.37		|5.30	   |6.36      |4.24      |5.27		|5.27		|T0    |11:19:36.550
010|000501	|鄂武商Ａ	|65732	|731200.97		|11.17		|11.21	   |13.45     |8.97      |11.08		|11.08		|T0    |11:19:36.550
010|000502	|绿景控股	|47365	|340300.04		|7.02		|7.08	   |8.5       |5.66      |7.20		|7.20		|T0    |11:19:36.550
010|000503	|国新健康	|114050	|1531000.90		|13.18		|13.25	   |15.9      |10.6      |13.40		|13.40		|T0    |11:19:36.550
010|000504	|*ST生物	|6745	|47300.99		|6.98		|7.05	   |8.46      |5.64      |7.05	    |7.05	    |T0    |11:19:36.550
010|000505	|京粮控股	|777966	|7316000.10		|9.93		|9.60	   |11.52     |7.68      |9.38		|9.38		|T0    |11:19:36.550
010|000506	|中润资源	|188220	|537100.90		|2.85		|2.85	   |3.42      |2.28      |2.85		|2.85		|T0    |11:19:36.550
010|000507	|珠海港		|48638	|249300.99		|5.13		|5.16	   |6.19      |4.13      |5.12		|5.12		|T0    |11:19:36.550
010|000509	|*ST华塑	|222610	|335400.99		|1.53		|1.50	   |1.8       |1.2       |1.51	    |1.51	    |T0    |11:19:36.550
010|000510	|新金路		|61335	|252100.10		|4.12		|4.14	   |4.97      |3.31      |4.10		|4.10		|T0    |11:19:36.550
010|000513	|丽珠集团	|94333	|3869200.60		|40.10		|40.17	   |48.2      |32.14     |41.35		|41.35		|T0    |11:19:36.550
010|000514	|渝 开 发	|79839	|346400.43		|4.39		|4.39	   |5.27      |3.51      |4.33		|4.33		|T0    |11:19:36.550
010|000516	|国际医学	|219246	|954500.39		|4.24		|4.25	   |5.1       |3.4       |4.41		|4.41		|T0    |11:19:36.550
010|000517	|荣安地产	|100583	|272200.20		|2.71		|2.72	   |3.26      |2.18      |2.70		|2.70		|T0    |11:19:36.550
010|000518	|四环生物	|474738	|2376100.70		|4.88		|4.90	   |5.88      |3.92      |5.00		|5.00		|T0    |11:19:36.550
010|000519	|中兵红箭	|1283269|10621700.94	|8.06		|8.14	   |9.77      |6.51      |8.06		|8.06		|T0    |11:19:36.550
010|000520	|长航凤凰	|21221	|78500.60		|3.69		|3.70	   |4.44      |2.96      |3.70		|3.70		|T0    |11:19:36.550
010|000521	|长虹美菱	|149306	|506900.27		|3.39		|3.38	   |4.06      |2.7       |3.40		|3.40		|T0    |11:19:36.550
010|000523	|广州浪奇	|102545	|721400.84		|7.01		|7.03	   |8.44      |5.62      |7.09		|7.09		|T0    |11:19:36.550
010|000524	|岭南控股	|92624	|600600.51		|6.23		|6.20	   |7.44      |4.96      |6.68		|6.68		|T0    |11:19:36.550
010|000525	|红 太 阳	|72154	|669200.63		|9.29		|9.36	   |11.23     |7.49      |9.29		|9.29		|T0    |11:19:36.550
010|000526	|紫光学大	|13605	|558400.00		|39.75		|39.83	   |47.8      |31.86     |42.15	    |42.15		|T0    |11:19:36.550
010|000528	|柳 工		|131447	|858500.82		|6.56		|6.61	   |7.93      |5.29      |6.51		|6.51		|T0    |11:19:36.550
010|000529	|广弘控股	|114578	|809000.91		|6.90		|6.97	   |8.36      |5.58      |7.08		|7.08		|T0    |11:19:36.550
010|000530	|冰山冷热	|86408	|307400.89		|3.55		|3.55	   |4.26      |2.84      |3.56		|3.56		|T0    |11:19:36.550
010|000531	|穗恒运Ａ	|63626	|446200.18		|7.00		|7.01	   |8.41      |5.61      |6.97		|6.97		|T0    |11:19:36.550
010|000532	|华金资本	|85018	|920200.04		|10.54		|10.58	   |12.7      |8.46      |10.77		|10.77		|T0    |11:19:36.550
010|000533	|顺钠股份	|506379	|1506500.42		|2.74		|2.74	   |3.29      |2.19      |3.01		|3.01		|T0    |11:19:36.550
010|000534	|万泽股份	|14321	|135000.47		|9.41		|9.45	   |11.34     |7.56      |9.40		|9.40		|T0    |11:19:36.550
010|000536	|华映科技	|178689	|337700.75		|1.87		|1.88	   |2.26      |1.5       |1.89		|1.89		|T0    |11:19:36.550
010|000537	|广宇发展	|50792	|342000.37		|6.74		|6.77	   |8.12      |5.42      |6.73		|6.73		|T0    |11:19:36.550
010|000538	|云南白药	|22205	|1876400.70		|83.97		|84.48	   |101.38    |67.58     |84.21		|84.21		|T0    |11:19:36.550
010|000539	|粤电力Ａ	|25918	|93500.35		|3.60		|3.60	   |4.32      |2.88      |3.61		|3.61		|T0    |11:19:36.550
010|000540	|中天金融	|848417	|2900200.63		|3.23		|3.25	   |3.9       |2.6       |3.45		|3.45		|T0    |11:19:36.550
010|000541	|佛山照明	|16131	|74200.89		|4.59		|4.60	   |5.52      |3.68      |4.60		|4.60		|T0    |11:19:36.550
010|000543	|皖能电力	|117026	|460500.90		|3.91		|3.92	   |4.7       |3.14      |3.94		|3.94		|T0    |11:19:36.550
010|000544	|中原环保	|77009	|533000.78		|6.92		|6.99	   |8.39      |5.59      |6.87		|6.87		|T0    |11:19:36.550
010|000545	|金浦钛业	|48722	|132500.90		|2.70		|2.70	   |3.24      |2.16      |2.71		|2.71		|T0    |11:19:36.550
010|000546	|金圆股份	|20230	|171400.39		|8.46		|8.49	   |10.19     |6.79      |8.47		|8.47		|T0    |11:19:36.550
010|000547	|航天发展	|230315	|3464700.03		|15.03		|15.10	   |18.12     |12.08     |15.02		|15.02		|T0    |11:19:36.550
010|000548	|湖南投资	|24026	|92100.85		|3.84		|3.82	   |4.58      |3.06      |3.84		|3.84		|T0    |11:19:36.550
010|000550	|江铃汽车	|28114	|349900.34		|12.38		|12.43	   |14.92     |9.94      |12.41		|12.41		|T0    |11:19:36.550
010|000551	|创元科技	|43681	|325600.03		|7.36		|7.40	   |8.88      |5.92      |7.48		|7.48		|T0    |11:19:36.550
010|000552	|靖远煤电	|62124	|141400.56		|2.27		|2.29	   |2.75      |1.83      |2.29		|2.29		|T0    |11:19:36.550
010|000553	|安道麦A	|26316	|262200.71		|9.88		|9.89	   |11.87     |7.91      |9.91	    |9.91	    |T0    |11:19:36.550
010|000554	|泰山石油	|403148	|2227900.70		|5.56		|5.66	   |6.79      |4.53      |5.50		|5.50		|T0    |11:19:36.550
010|000555	|神州信息	|137481	|2348200.22		|17.15		|17.17	   |20.6      |13.74     |17.05		|17.05		|T0    |11:19:36.550
010|000557	|西部创业	|44955	|129700.87		|2.88		|2.88	   |3.46      |2.3       |2.90		|2.90		|T0    |11:19:36.550
010|000558	|莱茵体育	|44683	|120700.49		|2.68		|2.68	   |3.22      |2.14      |2.70		|2.70		|T0    |11:19:36.550
010|000559	|万向钱潮	|63754	|337500.03		|5.34		|5.34	   |6.41      |4.27      |5.31		|5.31		|T0    |11:19:36.550
010|000560	|我爱我家	|54633	|183400.72		|3.35		|3.35	   |4.02      |2.68      |3.37		|3.37		|T0    |11:19:36.550
010|000561	|烽火电子	|92345	|619500.57		|6.67		|6.74	   |8.09      |5.39      |6.73		|6.73		|T0    |11:19:36.550
010|000563	|陕国投Ａ	|379482	|1386400.64		|3.58		|3.61	   |4.33      |2.89      |3.64		|3.64		|T0    |11:19:36.550
010|000564	|供销大集	|118513	|244200.17		|2.05		|2.06	   |2.47      |1.65      |2.06		|2.06		|T0    |11:19:36.550
010|000565	|渝三峡Ａ	|12746	|60600.49		|4.74		|4.74	   |5.69      |3.79      |4.75		|4.75		|T0    |11:19:36.550
010|000566	|海南海药	|315659	|2704000.34		|8.48		|8.49	   |10.19     |6.79      |8.59		|8.59		|T0    |11:19:36.550
010|000567	|海德股份	|61072	|593200.64		|9.59		|9.66	   |11.59     |7.73      |9.71		|9.71		|T0    |11:19:36.550
010|000568	|泸州老窖	|44516	|3402200.02		|76.12		|77.00	   |92.4      |61.6      |76.16		|76.16		|T0    |11:19:36.550
010|000570	|苏常柴Ａ	|12075	|52800.77		|4.37		|4.36	   |5.23      |3.49      |4.38		|4.38		|T0    |11:19:36.550
010|000571	|*ST大洲	|27561	|73200.61		|2.61		|2.61	   |3.13      |2.09      |2.67	    |2.67	    |T0    |11:19:36.550
010|000572	|*ST 海马	|123671	|258600.86		|2.07		|2.08	   |2.5       |1.66      |2.10		|2.10		|T0    |11:19:36.550
010|000573	|粤宏远Ａ	|45193	|126300.64		|2.79		|2.79	   |3.35      |2.23      |2.79		|2.79		|T0    |11:19:36.550
010|000576	|广东甘化	|284530	|2137300.88		|7.52		|7.41	   |8.89      |5.93      |7.51		|7.51		|T0    |11:19:36.550
010|000581	|威孚高科	|21117	|410400.24		|19.39		|19.48	   |23.38     |15.58     |19.38		|19.38		|T0    |11:19:36.550
010|000582	|北部湾港	|14699	|136000.66		|9.27		|9.32	   |11.18     |7.46      |9.26		|9.26		|T0    |11:19:36.550
010|000584	|哈工智能	|36261	|202800.11		|5.52		|5.55	   |6.66      |4.44      |5.60		|5.60		|T0    |11:19:36.550
010|000585	|ST东电		|20536	|33400.14		|1.62		|1.62	   |1.94      |1.3       |1.63		|1.63		|T0    |11:19:36.550
010|000586	|汇源通信	|121890	|1459300.45		|11.78		|11.80	   |14.16     |9.44      |12.01		|12.01		|T0    |11:19:36.550
010|000587	|金洲慈航	|137393	|207900.51		|1.52		|1.52	   |1.82      |1.22      |1.52		|1.52		|T0    |11:19:36.550
010|000589	|贵州轮胎	|76785	|314200.57		|4.06		|4.09	   |4.91      |3.27      |4.10		|4.10		|T0    |11:19:36.550
010|000590	|启迪古汉	|46569	|502600.97		|10.71		|10.69	   |12.83     |8.55      |10.86		|10.86		|T0    |11:19:36.550
010|000591	|太阳能		|156377	|521300.96		|3.32		|3.33	   |4         |2.66      |3.33		|3.33		|T0    |11:19:36.550
010|000592	|平潭发展	|447891	|1140400.83		|2.53		|2.54	   |3.05      |2.03      |2.54		|2.54		|T0    |11:19:36.550
010|000593	|大通燃气	|30383	|154600.75		|5.07		|5.08	   |6.1       |4.06      |5.09		|5.09		|T0    |11:19:36.550
010|000595	|宝塔实业	|124179	|329100.28		|2.63		|2.61	   |3.13      |2.09      |2.65		|2.65		|T0    |11:19:36.550
010|000596	|古井贡酒	|14570	|1673600.30		|113.62		|113.62    |136.34    |90.9      |115.92	|115.92		|T0    |11:19:36.550 
010|000597	|东北制药	|183136	|1469600.84		|7.98		|8.01	   |9.61      |6.41      |8.06		|8.06		|T0    |11:19:36.550
010|000598	|兴蓉环境	|147541	|717900.28		|4.92		|4.93	   |5.92      |3.94      |4.84		|4.84		|T0    |11:19:36.550
010|000599	|青岛双星	|37611	|148000.82		|3.90		|3.93	   |4.72      |3.14      |3.93		|3.93		|T0    |11:19:36.550
010|000600	|建投能源	|59746	|268900.90		|4.45		|4.49	   |5.39      |3.59      |4.49		|4.49		|T0    |11:19:36.550
010|000601	|韶能股份	|81845	|462600.88		|5.63		|5.65	   |6.78      |4.52      |5.67		|5.67		|T0    |11:19:36.550
010|000603	|盛达资源	|98567	|1171600.60		|11.77		|11.88	   |14.26     |9.5       |12.03		|12.03		|T0    |11:19:36.550
010|000605	|渤海股份	|83364	|534800.52		|6.40		|6.40	   |7.68      |5.12      |6.33		|6.33		|T0    |11:19:36.550
010|000606	|顺利办		|93440	|411800.30		|4.39		|4.36	   |5.23      |3.49      |4.42		|4.42		|T0    |11:19:36.550
010|000607	|华媒控股	|46707	|199600.64		|4.21		|4.24	   |5.09      |3.39      |4.28		|4.28		|T0    |11:19:36.550
010|000608	|阳光股份	|10988	|55600.25		|5.05		|5.12	   |6.14      |4.1       |5.07		|5.07		|T0    |11:19:36.550
010|000609	|中迪投资	|45743	|221300.97		|4.77		|4.77	   |5.72      |3.82      |4.81		|4.81		|T0    |11:19:36.550
010|000610	|西安旅游	|160038	|1371300.18		|8.73		|8.62	   |10.34     |6.9       |8.62		|8.62		|T0    |11:19:36.550
010|000611	|*ST天首	|33832	|127200.47		|3.68		|3.72	   |4.46      |2.98      |3.71	    |3.71	    |T0    |11:19:36.550
010|000612	|焦作万方	|33513	|125400.27		|3.74		|3.75	   |4.5       |3         |3.74		|3.74		|T0    |11:19:36.550
010|000613	|大东海A	|141916	|1023100.31		|7.22		|7.21	   |8.65      |5.77      |7.32	    |7.32	    |T0    |11:19:36.550
010|000615	|京汉股份	|473550	|2091500.23		|4.43		|4.50	   |5.4       |3.6       |4.30		|4.30		|T0    |11:19:36.550
010|000616	|海航投资	|79609	|187100.08		|2.34		|2.35	   |2.82      |1.88      |2.36		|2.36		|T0    |11:19:36.550
010|000617	|中油资本	|14055	|144700.29		|10.18		|10.24	   |12.29     |8.19      |10.24		|10.24		|T0    |11:19:36.550
010|000619	|海螺型材	|21177	|106800.99		|5.05		|5.04	   |6.05      |4.03      |5.05		|5.05		|T0    |11:19:36.550
010|000620	|新华联		|58307	|180800.36		|3.11		|3.09	   |3.71      |2.47      |3.12		|3.12		|T0    |11:19:36.550
010|000622	|恒立实业	|376016	|1798800.57		|4.79		|4.94	   |5.93      |3.95      |4.71		|4.71		|T0    |11:19:36.550
010|000623	|吉林敖东	|69756	|1119100.65		|15.96		|16.02	   |19.22     |12.82     |15.99		|15.99		|T0    |11:19:36.550
010|000625	|长安汽车	|333342	|3348300.85		|9.84		|9.90	   |11.88     |7.92      |10.03		|10.03		|T0    |11:19:36.550
010|000626	|远大控股	|15198	|111000.25		|7.21		|7.25	   |8.7       |5.8       |7.32		|7.32		|T0    |11:19:36.550
010|000627	|天茂集团	|147314	|842000.17		|5.70		|5.72	   |6.86      |4.58      |5.74		|5.74		|T0    |11:19:36.550
010|000628	|高新发展	|13385	|116500.29		|8.68		|8.74	   |10.49     |6.99      |8.68		|8.68		|T0    |11:19:36.550
010|000629	|攀钢钒钛	|188733	|424600.15		|2.26		|2.26	   |2.71      |1.81      |2.25		|2.25		|T0    |11:19:36.550
010|000630	|铜陵有色	|213273	|433100.68		|2.03		|2.04	   |2.45      |1.63      |2.02		|2.02		|T0    |11:19:36.550
010|000631	|顺发恒业	|17788	|50100.18		|2.80		|2.81	   |3.37      |2.25      |2.82		|2.82		|T0    |11:19:36.550
010|000632	|三木集团	|26531	|120500.23		|4.50		|4.50	   |5.4       |3.6       |4.56		|4.56		|T0    |11:19:36.550
010|000633	|合金投资	|242562	|943800.83		|4.06		|3.88	   |4.66      |3.1       |3.87		|3.87		|T0    |11:19:36.550
010|000635	|英 力 特	|21921	|164600.67		|7.48		|7.55	   |9.06      |6.04      |7.52		|7.52		|T0    |11:19:36.550
010|000636	|风华高科	|558836	|10595300.75	|19.17		|19.30	   |23.16     |15.44     |18.95		|18.95		|T0    |11:19:36.550
010|000637	|茂化实华	|51055	|229700.09		|4.46		|4.49	   |5.39      |3.59      |4.53		|4.53		|T0    |11:19:36.550
010|000638	|万方发展	|54585	|248100.13		|4.45		|4.45	   |5.34      |3.56      |4.56		|4.56		|T0    |11:19:36.550
010|000639	|西王食品	|543813	|3402600.73		|6.31		|6.20	   |7.44      |4.96      |6.36		|6.36		|T0    |11:19:36.550
010|000650	|仁和药业	|369830	|2442800.64		|6.55		|6.55	   |7.86      |5.24      |6.65		|6.65		|T0    |11:19:36.550
010|000651	|格力电器	|254531	|13225500.11	|51.80		|52.07	   |62.48     |41.66     |51.83		|51.83		|T0    |11:19:36.550
010|000652	|泰达股份	|1045081|10429800.45	|10.33		|9.82	   |11.78     |7.86      |9.92		|9.92		|T0    |11:19:36.550
010|000655	|金岭矿业	|342804	|1875600.55		|5.40		|5.42	   |6.5       |4.34      |5.59		|5.59		|T0    |11:19:36.550
010|000656	|金科股份	|137420	|1100800.62		|7.99		|8.01	   |9.61      |6.41      |8.01		|8.01		|T0    |11:19:36.550
010|000657	|中钨高新	|25063	|141900.26		|5.68		|5.69	   |6.83      |4.55      |5.68		|5.68		|T0    |11:19:36.550
010|000659	|珠海中富	|51419	|114800.85		|2.22		|2.23	   |2.68      |1.78      |2.24		|2.24		|T0    |11:19:36.550
010|000661	|长春高新	|21000	|11821500.31	|549.26		|549.26    |659.11    |439.41    |559.51	|559.51		|T0    |11:19:36.550
010|000662	|天夏智慧	|1468809|7362500.67		|5.37		|5.35	   |6.42      |4.28      |4.96		|4.96		|T0    |11:19:36.550
010|000663	|永安林业	|122497	|519100.15		|4.17		|4.16	   |4.99      |3.33      |4.30		|4.30		|T0    |11:19:36.550
010|000665	|湖北广电	|153913	|908400.89		|5.78		|5.82	   |6.98      |4.66      |5.93		|5.93		|T0    |11:19:36.550
010|000666	|经纬纺机	|38662	|385100.59		|9.83		|9.83	   |11.8      |7.86      |9.94		|9.94		|T0    |11:19:36.550
010|000667	|美好置业	|679339	|1789200.94		|2.68		|2.67	   |3.2       |2.14      |2.71		|2.71		|T0    |11:19:36.550
010|000668	|荣丰控股	|20472	|256200.49		|12.30		|12.36	   |14.83     |9.89      |12.71		|12.71		|T0    |11:19:36.550
010|000669	|金鸿控股	|81762	|201000.51		|2.40		|2.41	   |2.89      |1.93      |2.45		|2.45		|T0    |11:19:36.550
010|000670	|*ST盈方	|0		|0.00			|0.00		|0.00	   |0         |0         |0.00	    |0.00	    |T0    |11:19:36.550
010|000671	|阳 光 城	|95922	|671900.36		|7.06		|7.06	   |8.47      |5.65      |6.95		|6.95		|T0    |11:19:36.550
010|000676	|智度股份	|286214	|2403600.66		|8.25		|8.21	   |9.85      |6.57      |21.28		|21.28		|T0    |11:19:36.550
010|000677	|恒天海龙	|62824	|207000.70		|3.28		|3.28	   |3.94      |2.62      |3.12		|3.12		|T0    |11:19:36.550
010|000678	|襄阳轴承	|0		|0.00			|6.99		|0.00	   |0         |0         |8.33		|8.33		|T0    |11:19:36.550
010|000679	|大连友谊	|19397	|64400.10		|3.30		|3.29	   |3.95      |2.63      |3.29		|3.29		|T0    |11:19:36.550
010|000680	|山推股份	|89639	|295600.75		|3.30		|3.32	   |3.98      |2.66      |3.29		|3.29		|T0    |11:19:36.550
010|000681	|视觉中国	|78275	|1252400.98		|15.93		|16.00	   |19.2      |12.8      |15.92		|15.92		|T0    |11:19:36.550
010|000682	|东方电子	|147494	|743700.62		|5.02		|5.04	   |6.05      |4.03      |5.05		|5.05		|T0    |11:19:36.550
010|000683	|远兴能源	|206372	|416400.76		|2.01		|2.02	   |2.42      |1.62      |2.02		|2.02		|T0    |11:19:36.550
010|000685	|中山公用	|26018	|201500.37		|7.70		|7.72	   |9.26      |6.18      |7.74		|7.74		|T0    |11:19:36.550
010|000686	|东北证券	|287277	|2452900.20		|8.36		|8.45	   |10.14     |6.76      |8.50		|8.50		|T0    |11:19:36.550
010|000687	|华讯方舟	|366226	|1686800.95		|4.20		|4.56	   |5.47      |3.65      |4.62		|4.62		|T0    |11:19:36.550
010|000688	|国城矿业	|14254	|263200.84		|18.38		|18.40	   |22.08     |14.72     |18.65		|18.65		|T0    |11:19:36.550
010|000690	|宝新能源	|47246	|248800.34		|5.26		|5.27	   |6.32      |4.22      |5.26		|5.26		|T0    |11:19:36.550
010|000691	|亚太实业	|61348	|256400.35		|4.13		|4.20	   |5.04      |3.36      |4.18		|4.18		|T0    |11:19:36.550
010|000692	|惠天热电	|27779	|77700.17		|2.80		|2.81	   |3.37      |2.25      |2.79		|2.79		|T0    |11:19:36.550
010|000695	|滨海能源	|5188	|40500.77		|7.82		|7.85	   |9.42      |6.28      |7.80		|7.80		|T0    |11:19:36.550
010|000697	|炼石航空	|30169	|294700.13		|9.70		|9.75	   |11.7      |7.8       |9.76		|9.76		|T0    |11:19:36.550
010|000698	|沈阳化工	|66668	|244200.79		|3.59		|3.61	   |4.33      |2.89      |3.65		|3.65		|T0    |11:19:36.550
010|000700	|模塑科技	|430856	|3998500.89		|9.26		|9.28	   |11.14     |7.42      |9.34		|9.34		|T0    |11:19:36.550
010|000701	|厦门信达	|62253	|279300.66		|4.41		|4.45	   |5.34      |3.56      |4.49		|4.49		|T0    |11:19:36.550
010|000702	|正虹科技	|431418	|2773700.20		|6.70		|6.35	   |7.62      |5.08      |6.47		|6.47		|T0    |11:19:36.550
010|000703	|恒逸石化	|68625	|822900.16		|12.05		|12.09	   |14.51     |9.67      |11.96		|11.96		|T0    |11:19:36.550
010|000705	|浙江震元	|69121	|511700.52		|7.34		|7.37	   |8.84      |5.9       |7.42		|7.42		|T0    |11:19:36.550
010|000707	|ST双环		|24332	|73200.29		|3.03		|3.02	   |3.62      |2.42      |3.01		|3.01		|T0    |11:19:36.550
010|000708	|中信特钢	|18059	|493300.02		|27.33		|27.42	   |32.9      |21.94     |27.20		|27.20		|T0    |11:19:36.550
010|000709	|河钢股份	|157297	|339500.71		|2.15		|2.16	   |2.59      |1.73      |2.15		|2.15		|T0    |11:19:36.550
010|000710	|贝瑞基因	|82163	|3406500.05		|38.65		|39.58	   |47.5      |31.66     |42.52		|42.52		|T0    |11:19:36.550
010|000711	|京蓝科技	|88610	|366800.13		|4.14		|4.14	   |4.97      |3.31      |4.14		|4.14		|T0    |11:19:36.550
010|000712	|锦龙股份	|119627	|1591000.79		|13.23		|13.25	   |15.9      |10.6      |13.22		|13.22		|T0    |11:19:36.550
010|000713	|丰乐种业	|765592	|8020600.62		|9.93		|9.88	   |11.86     |7.9       |10.92		|10.92		|T0    |11:19:36.550
010|000715	|中兴商业	|13047	|76600.59		|5.87		|5.87	   |7.04      |4.7       |5.87		|5.87		|T0    |11:19:36.550
010|000716	|黑芝麻		|399920	|1709800.26		|4.27		|4.34	   |5.21      |3.47      |4.28		|4.28		|T0    |11:19:36.550
010|000717	|韶钢松山	|204460	|789300.78		|3.88		|3.89	   |4.67      |3.11      |3.86		|3.86		|T0    |11:19:36.550
010|000718	|苏宁环球	|58125	|178500.47		|3.07		|3.09	   |3.71      |2.47      |3.07		|3.07		|T0    |11:19:36.550
010|000719	|中原传媒	|18308	|125600.85		|6.84		|6.86	   |8.23      |5.49      |6.84		|6.84		|T0    |11:19:36.550