900|399001	|深证成指	|377418831	|40577852.52	|10386.54  |	10453.86	|12544.63	|8363.09	|10463.05	|10463.05	|T0    |11:19:36.550
900|399002	|深成指R	|96583308	|8205636.36	    |12743.08  |	12825.67	|15390.8 	|10260.54	|12836.94	|12836.94	|T0    |11:19:36.550
900|399003	|成份B指	|160475		|5135.58		|4817.03   |	4818.58		|5782.3 	|3854.86	|4836.89	|4836.89	|T0    |11:19:36.550	
900|399004	|深证100R   |39081598	|7962449.14	    |5819.43   |	5855.49		|7026.59	|4684.39	|5849.30	|5849.30	|T0    |11:19:36.550
900|399005	|中小板指	|177852965	|18116087.72	|6814.78   |	6850.29		|8220.35	|5480.23	|6851.49	|6851.49	|T0    |11:19:36.550	
900|399006	|创业板指	|102822082	|14250992.86	|1964.76   |	1981.24		|2377.49	|1584.99	|1997.14	|1997.14	|T0    |11:19:36.550	
900|399007	|深证300	|87245430	|14732279.48	|4420.77   |	4448.58		|5338.3 	|3558.86	|4450.07	|4450.07	|T0    |11:19:36.550	
900|399008	|中小300	|89155707	|11256137.11	|1302.78   |	1310.30		|1572.36	|1048.24	|1312.58	|1312.58	|T0    |11:19:36.550	
900|399009	|深证200	|48163831	|6769830.34	    |4094.59   |	4121.05		|4945.26	|3296.84	|4133.31	|4133.31	|T0    |11:19:36.550	
900|399010	|深证700	|146796898	|13921909.32	|6144.92   |	6181.14		|7417.37	|4944.91	|6217.44	|6217.44	|T0    |11:19:36.550	
900|399011	|深证1000   |234042328	|28654188.80	|4928.11   |	4958.49		|5950.19	|3966.79	|4968.88	|4968.88	|T0    |11:19:36.550
900|399012	|创业300	|56374708	|8933113.78	    |2815.36   |	2837.87		|3405.44	|2270.3		|2858.09	|2858.09	|T0    |11:19:36.550	
900|399013	|深市精选	|89844193	|14167568.29	|4590.94   |	4617.16		|5540.59	|3693.73	|4617.66	|4617.66	|T0    |11:19:36.550	
900|399015	|中小创新	|95370046	|8879293.68	    |2013.05   |	2022.69		|2427.23	|1618.15	|2037.61	|2037.61	|T0    |11:19:36.550	
900|399016	|深证创新	|29322750	|5769384.27	    |3269.40   |	3294.30		|3953.16	|2635.44	|3306.86	|3306.86	|T0    |11:19:36.550	
900|399017	|SME创新	|28473349	|5601305.70	    |2967.08   |	2987.69		|3585.23	|2390.15	|2995.91	|2995.91	|T0    |11:19:36.550	
900|399018	|创业创新	|15384859	|3050139.06	    |3765.21   |	3794.27		|4553.12	|3035.42	|3822.59	|3822.59	|T0    |11:19:36.550	
900|399088	|深创100	|28020544	|7525433.17	    |3004.13   |	3022.52		|3627.02	|2418.02	|3017.53	|3017.53	|T0    |11:19:36.550	
900|399100	|新指数	    |370861110	|40401285.08	|7935.52   |	7978.19		|9573.83	|6382.55	|7996.55	|7996.55	|T0    |11:19:36.550
900|399101	|中小板综	|177852965	|18116087.72	|9874.99   |	9921.60		|11905.92	|7937.28	|9949.14	|9949.14	|T0    |11:19:36.550	
900|399102	|创业板综	|102822082	|14250992.86	|2274.62   |	2288.96		|2746.75	|1831.17	|2305.08	|2305.08    |T0    |11:19:36.550	
900|399103	|乐富指数	|76381280	|902981.83	    |6230.98   |	6258.02		|7509.62	|5006.42	|6258.31	|6258.31	|T0    |11:19:36.550	
900|399106	|深证综指	|377418831	|40577852.52	|1740.65   |	1749.80		|2099.76	|1399.84	|1755.37	|1755.37	|T0    |11:19:36.550	
900|399107	|深证A指	|377258356	|40572716.94	|1821.37   |	1830.97		|2197.16	|1464.78	|1836.79	|1836.79	|T0    |11:19:36.550	
900|399108	|深证B指	|160475		|5135.58		|834.96    |	834.89		|1001.87	|667.91 	|838.34	    |838.34	    |T0    |11:19:36.550
900|399231	|农林牧渔	|7684882	|1017400.19	    |1738.14   |	1743.14		|2091.77	|1394.51	|1749.74	|1749.74	|T0    |11:19:36.550	
900|399232	|采矿业指	|2871284	|247403.34	    |1722.06   |	1727.02		|2072.42	|1381.62	|1741.13	|1741.13	|T0    |11:19:36.550	
900|399233	|制造业指	|238080063	|27630061.55	|2018.25   |	2028.43		|2434.12	|1622.74	|2028.83	|2028.83	|T0    |11:19:36.550	
900|399234	|水电煤气	|3711576	|171395.95	    |618.99    |	621.41		|745.69		|497.13 	|620.27	    |620.27	    |T0    |11:19:36.550
900|399235	|建筑业指	|5223334	|319921.16	    |1052.02   |	1055.87		|1267.04	|844.7  	|1057.95	|1057.95	|T0    |11:19:36.550	
900|399236	|批发零售	|15539642	|1113642.41	    |1407.95   |	1410.38		|1692.46	|1128.3 	|1428.33	|1428.33	|T0    |11:19:36.550	
900|399237	|运输仓储	|1937942	|198154.02	    |1082.72   |	1086.61		|1303.93	|869.29 	|1083.22	|1083.22	|T0    |11:19:36.550	
900|399238	|住宿餐饮	|1427315	|68671.78	    |1062.17   |	1065.85		|1279.02	|852.68 	|1090.72	|1090.72	|T0    |11:19:36.550	
900|399239	|信息技术	|47656951	|5740924.53	    |1955.66   |	1975.18		|2370.22	|1580.14	|2004.96	|2004.96	|T0    |11:19:36.550	
900|399240	|金融业指	|12438568	|1407599.13	    |1023.10   |	1033.02		|1239.62	|826.42 	|1034.54	|1034.54	|T0    |11:19:36.550	
900|399241	|房地产业	|7207884	|434459.12	    |2340.52   |	2352.69		|2823.23	|1882.15	|2335.76	|2335.76	|T0    |11:19:36.550	
900|399242	|商务服务	|10276872	|552144.37	    |906.63    |	915.62		|1098.74	|732.5  	|919.83	    |919.83	    |T0    |11:19:36.550
900|399243	|科研服务	|3577834	|392164.95	    |1850.80   |	1860.34		|2232.41	|1488.27	|1880.03	|1880.03	|T0    |11:19:36.550	
900|399244	|公共环保	|3953676	|300424.18	    |787.74    |	794.14		|952.97		|635.31 	|795.88	    |795.88	    |T0    |11:19:36.550
900|399248	|文化传播	|5968111	|389585.75	    |888.34    |	893.04		|1071.65	|714.43 	|897.69	    |897.69	    |T0    |11:19:36.550
900|399249	|综合类指	|1240750	|80503.52	    |729.74    |	730.97		|877.16		|584.78 	|729.24	    |729.24	    |T0    |11:19:36.550
900|399282	|大数据50   |14474510	|2630249.16	    |4783.69   |	4836.38		|5803.66	|3869.1 	|4873.75	|4873.75	|T0    |11:19:36.550
900|399283	|机器人50   |7619312	|710827.23	    |2370.54   |	2380.95		|2857.14	|1904.76	|2357.81	|2357.81	|T0    |11:19:36.550
900|399284	|AI50       |13909095	|2123820.99	    |3154.68   |	3180.54		|3816.65	|2544.43	|3177.31	|3177.31	|T0    |11:19:36.550
900|399285	|物联网50   |19050695	|2952800.57	    |3283.28   |	3311.04		|3973.25	|2648.83	|3285.38	|3285.38	|T0    |11:19:36.550
900|399286	|区块链50   |22970609	|2514737.45	    |3194.40   |	3230.60		|3876.72	|2584.48	|3254.10	|3254.10	|T0    |11:19:36.550
900|399290	|深转交债	|357948		|479220.65	    |135.10    |	135.55		|162.66		|108.44 	|135.50	    |135.50	    |T0    |11:19:36.550
900|399292	|民企发展	|106302729	|9056193.05	    |1174.88   |	1182.10		|1418.52	|945.68 	|1191.80	|1191.80	|T0    |11:19:36.550	
900|399293	|创业大盘	|11963818	|3418120.71	    |3656.87   |	3687.07		|4424.48	|2949.66	|3719.02	|3719.02	|T0    |11:19:36.550	
900|399294	|中小创Q	|11396496	|2494156.63	    |2655.77   |	2669.71		|3203.65	|2135.77	|2666.80	|2666.80	|T0    |11:19:36.550	
900|399295	|创业蓝筹	|10817668	|3062153.38	    |4393.73   |	4429.21		|5315.05	|3543.37	|4470.87	|4470.87	|T0    |11:19:36.550	
900|399296	|创成长	    |6800912	|2830101.22	    |3768.26   |	3796.19		|4555.43	|3036.95	|3840.88	|3840.88	|T0    |11:19:36.550
900|399297	|新浪100	|17362772	|914048.87	    |3201.74   |	3217.74		|3861.29	|2574.19	|3223.10	|3223.10	|T0    |11:19:36.550	
900|399298	|深信中高	|10301		|10334.54	    |174.43    |	174.45		|209.34		|139.56 	|174.43	    |174.43	    |T0    |11:19:36.550
900|399299	|深信中低	|3473		|3283.90		|191.22    |	191.25		|229.5		|153    	|191.25	    |191.25	    |T0    |11:19:36.550
900|399300	|沪深300	|100485032	|15459531.88	|3780.34   |	3798.49		|4558.19	|3038.79	|3792.81	|3792.81	|T0    |11:19:36.550	
900|399301	|深信用债	|10814		|10797.61	    |177.41    |	177.43		|212.92		|141.94		|177.41	    |177.41	    |T0    |11:19:36.550
900|399302	|深公司债	|10791		|10774.66	    |181.51    |	181.53		|217.84		|145.22		|181.52	    |181.52	    |T0    |11:19:36.550
900|399303	|国证2000   |265282044	|24345039.13	|6358.95   |	6382.49		|7658.99	|5105.99	|6422.17	|6422.17	|T0    |11:19:36.550
900|399306	|深证ETF	|48228981	|694395.26	    |1248.74   |	1254.59		|1505.51	|1003.67	|1254.63	|1254.63	|T0    |11:19:36.550	
900|399307	|深证转债	|1264774	|2068935.78	    |244.17    |	245.05		|294.06		|196.04		|244.51	    |244.51	    |T0    |11:19:36.550
900|399310	|国证50	    |23837675	|3952472.28	    |5878.18   |	5903.01		|7083.61	|4722.41	|5884.38	|5884.38	|T0    |11:19:36.550
900|399311	|国证1000   |260104824	|33542261.04	|3806.90   |	3826.53		|4591.84	|3061.22	|3827.47	|3827.47	|T0    |11:19:36.550
900|399312	|国证300	|102413885	|16467556.49	|4290.44   |	4311.69		|5174.03	|3449.35	|4304.87	|4304.87	|T0    |11:19:36.550	
900|399313	|巨潮100	|44295367	|7355416.21	    |4436.56   |	4456.37		|5347.64	|3565.1		|4446.19	|4446.19	|T0    |11:19:36.550	
900|399314	|巨潮大盘	|74934436	|12593891.25	|3978.79   |	3997.28		|4796.74	|3197.82	|3989.84	|3989.84	|T0    |11:19:36.550	
900|399315	|巨潮中盘	|74240288	|9865652.07	    |3858.98   |	3881.07		|4657.28	|3104.86	|3892.46	|3892.46	|T0    |11:19:36.550	
900|399316	|巨潮小盘	|110930100	|11082717.72	|4101.82   |	4127.44		|4952.93	|3301.95	|4145.08	|4145.08	|T0    |11:19:36.550	
900|399317	|国证A指	|601756996	|63942560.58	|4439.98   |	4461.52		|5353.82	|3569.22	|4468.90	|4468.90	|T0    |11:19:36.550	
900|399318	|国证B指	|265093		|10984.45	    |3328.59   |	3331.79		|3998.15	|2665.43	|3333.82	|3333.82	|T0    |11:19:36.550	
900|399319	|资源优势	|21301526	|1542151.31	    |1354.64   |	1360.94		|1633.13	|1088.75	|1352.31	|1352.31	|T0    |11:19:36.550	
900|399320	|国证服务	|17445213	|1280189.40	    |1789.31   |	1795.48		|2154.58	|1436.38	|1806.53	|1806.53	|T0    |11:19:36.550	
900|399321	|国证红利	|19629394	|3144906.37	    |6069.79   |	6096.12		|7315.34	|4876.9		|6068.67	|6068.67	|T0    |11:19:36.550	
900|399322	|国证治理	|19601906	|3736774.12	    |7929.28   |	7962.95		|9555.54	|6370.36	|7940.90	|7940.90	|T0    |11:19:36.550	
900|399324	|深证红利	|14045830	|2012955.80	    |8941.95   |	8995.33		|10794.4	|7196.26	|8943.15	|8943.15	|T0    |11:19:36.550	
900|399326	|成长40	    |11564402	|2693381.01	    |5600.32   |	5634.07		|6760.88	|4507.26	|5659.09	|5659.09	|T0    |11:19:36.550
900|399328	|深证治理	|7675365	|1956438.95	    |9621.47   |	9673.00		|11607.6	|7738.4		|9637.37	|9637.37	|T0    |11:19:36.550	
900|399330	|深证100	|39081598	|7962449.14	    |4533.53   |	4561.63		|5473.96	|3649.3		|4556.80	|4556.80	|T0    |11:19:36.550	
900|399333	|中小板R	|32771839	|6096335.12	    |7672.08   |	7712.06		|9254.47	|6169.65	|7713.41	|7713.41	|T0    |11:19:36.550	
900|399335	|深证央企	|10498930	|1650698.25	    |3853.60   |	3879.04		|4654.85	|3103.23	|3860.81	|3860.81	|T0    |11:19:36.550	
900|399337	|深证民营	|33895651	|7590332.10	    |4519.36   |	4545.88		|5455.06	|3636.7		|4556.36	|4556.36	|T0    |11:19:36.550	
900|399339	|深证科技	|37642515	|8251445.44	    |6223.26   |	6268.30		|7521.96	|5014.64	|6263.72	|6263.72	|T0    |11:19:36.550	
900|399341	|深证责任	|23387241	|4648563.65	    |1733.32   |	1742.49		|2090.99	|1393.99	|1737.33	|1737.33	|T0    |11:19:36.550	
900|399344	|深证300R   |87245430	|14732279.48	|5311.35   |	5344.75		|6413.7 	|4275.8		|5346.55	|5346.55	|T0    |11:19:36.550
900|399346	|深证成长	|27003053	|5239663.59	    |3687.83   |	3708.93		|4450.72	|2967.14	|3707.85	|3707.85	|T0    |11:19:36.550	
900|399348	|深证价值	|27694461	|2610884.17	    |5824.38   |	5859.71		|7031.65	|4687.77	|5833.83	|5833.83	|T0    |11:19:36.550	
900|399350	|皖江30	    |7490230	|971979.77	    |1676.78   |	1687.40		|2024.88	|1349.92	|1699.34	|1699.34	|T0    |11:19:36.550
900|399351	|深报指数	|23457963	|4182652.49	    |8425.93   |	8478.55		|10174.26	|6782.84	|8424.25	|8424.25	|T0    |11:19:36.550	
900|399352	|深报综指	|41913813	|6323276.33	    |7624.18   |	7666.64		|9199.97	|6133.31	|7639.72	|7639.72	|T0    |11:19:36.550	
900|399353	|国证物流	|8563396	|689768.34	    |2167.58   |	2174.11		|2608.93	|1739.29	|2179.04	|2179.04	|T0    |11:19:36.550	
900|399354	|分析师指	|45302399	|8703696.56	    |6580.75   |	6613.45		|7936.14	|5290.76	|6614.03	|6614.03	|T0    |11:19:36.550	
900|399355	|长三角	    |13799907	|2878411.19	    |3270.53   |	3288.46		|3946.15	|2630.77	|3300.57	|3300.57	|T0    |11:19:36.550
900|399356	|珠三角	    |13784592	|3205294.83	    |9495.54   |	9542.39		|11450.87	|7633.91	|9494.05	|9494.05	|T0    |11:19:36.550
900|399357	|环渤海	    |21388756	|1655792.46	    |2660.42   |	2669.35		|3203.22 	|2135.48	|2661.25	|2661.25	|T0    |11:19:36.550
900|399358	|泰达环保	|9260786	|1211333.78	    |2933.90   |	2946.45		|3535.74 	|2357.16	|2931.52	|2931.52	|T0    |11:19:36.550	
900|399359	|国证基建	|12362166	|968037.28	    |2276.52   |	2285.30		|2742.36 	|1828.24	|2288.12	|2288.12	|T0    |11:19:36.550	
900|399360	|新硬件	    |33633406	|3945492.61	    |3994.33   |	4013.40		|4816.08 	|3210.72	|4025.10	|4025.10	|T0    |11:19:36.550
900|399361	|国证商业	|13786417	|1870197.01	    |4674.72   |	4705.73		|5646.88 	|3764.58	|4786.79	|4786.79	|T0    |11:19:36.550	
900|399362	|国证民营	|32263284	|7409759.75	    |6330.46   |	6358.65		|7630.38 	|5086.92	|6372.86	|6372.86	|T0    |11:19:36.550	
900|399363	|计算机指	|15456109	|4127782.94	    |4770.08   |	4803.09		|5763.71 	|3842.47	|4778.97	|4778.97	|T0    |11:19:36.550	
900|399364	|中金消费	|37532341	|8038035.70	    |8755.87   |	8798.77		|10558.52	|7039.02	|8803.80	|8803.80	|T0    |11:19:36.550	
900|399365	|国证农业	|15309607	|2926673.28	    |12096.00  |	12145.47	|14574.56	|9716.38	|12141.59	|12141.59	|T0    |11:19:36.550
900|399366	|国证大宗	|32309727	|2836599.07	    |1768.52   |	1774.89		|2129.87	|1419.91	|1769.57	|1769.57	|T0    |11:19:36.550	
900|399367	|巨潮地产	|7767241	|593478.01	    |5250.42   |	5273.25		|6327.9		|4218.6 	|5235.47	|5235.47	|T0    |11:19:36.550	
900|399368	|国证军工	|9545633	|1466822.70	    |5878.04   |	5909.42		|7091.3		|4727.54	|5873.00	|5873.00	|T0    |11:19:36.550	
900|399369	|CBN-兴全   |20805599	|3354566.37	    |1453.23   |	1460.28		|1752.34	|1168.22	|1457.02	|1457.02	|T0    |11:19:36.550
900|399370	|国证成长	|78608824	|12443567.70	|3997.50   |	4019.85		|4823.82	|3215.88	|4020.06	|4020.06	|T0    |11:19:36.550	
900|399371	|国证价值	|70804002	|6008655.77	    |5512.07   |	5532.77		|6639.32	|4426.22	|5518.08	|5518.08	|T0    |11:19:36.550	
900|399372	|大盘成长	|22789833	|5582438.57	    |4045.60   |	4067.38		|4880.86	|3253.9 	|4058.76	|4058.76	|T0    |11:19:36.550	
900|399373	|大盘价值	|23820740	|2552101.96	    |6689.10   |	6714.44		|8057.33	|5371.55	|6688.85	|6688.85	|T0    |11:19:36.550	
900|399374	|中盘成长	|20340464	|3484657.10	    |4188.06   |	4217.31		|5060.77	|3373.85	|4231.42	|4231.42	|T0    |11:19:36.550	
900|399375	|中盘价值	|21202109	|1523363.57	    |4673.37   |	4693.13		|5631.76	|3754.5 	|4688.81	|4688.81	|T0    |11:19:36.550	
900|399376	|小盘成长	|35478526	|3376472.04	    |4656.94   |	4678.18		|5613.82	|3742.54	|4699.70	|4699.70	|T0    |11:19:36.550	
900|399377	|小盘价值	|25781152	|1933190.23	    |5175.27   |	5191.14		|6229.37	|4152.91	|5197.97	|5197.97	|T0    |11:19:36.550	
900|399378	|南方低碳	|19215207	|3029168.01	    |2262.05   |	2274.39		|2729.27	|1819.51	|2267.88	|2267.88	|T0    |11:19:36.550	
900|399379	|国证基金	|168705792	|2351406.23	    |6689.96   |	6714.90		|8057.88	|5371.92	|6717.16	|6717.16	|T0    |11:19:36.550	
900|399380	|国证ETF	|138574441	|2124105.34	    |1333.91   |	1338.94		|1606.73	|1071.15	|1339.39	|1339.39	|T0    |11:19:36.550	
900|399381	|1000能源   |8147506	|456379.97	    |1677.96   |	1686.92		|2024.3		|1349.54	|1675.85	|1675.85	|T0    |11:19:36.550
900|399382	|1000材料   |30276622	|2940963.93	    |2019.73   |	2029.30		|2435.16	|1623.44	|2024.95	|2024.95	|T0    |11:19:36.550
900|399383	|1000工业   |36712426	|3438692.43	    |2076.93   |	2087.04		|2504.45	|1669.63	|2082.45	|2082.45	|T0    |11:19:36.550
900|399384	|1000可选   |31889563	|2477740.39	    |2997.20   |	3012.88		|3615.46	|2410.3 	|3016.40	|3016.40	|T0    |11:19:36.550
900|399385	|1000消费   |17160222	|3170264.08	    |10607.42  |	10647.45	|12776.94	|8517.96	|10672.69	|10672.69	|T0    |11:19:36.550
900|399386	|1000医药   |22942955	|5393090.62	    |7745.77   |	7778.48		|9334.18	|6222.78	|7961.38	|7961.38	|T0    |11:19:36.550
900|399387	|1000金融   |36182596	|3967307.47	    |4574.95   |	4599.69		|5519.63	|3679.75	|4591.11	|4591.11	|T0    |11:19:36.550
900|399388	|1000信息   |52945890	|9019762.51	    |4318.14   |	4347.96		|5217.55	|3478.37	|4324.57	|4324.57	|T0    |11:19:36.550
900|399389	|国证通信	|20918095	|2934564.68	    |4223.72   |	4266.85		|5120.22	|3413.48	|4262.92	|4262.92	|T0    |11:19:36.550	
900|399390	|1000公用   |4271462	|226699.14	    |1894.07   |	1897.21		|2276.65	|1517.77	|1891.82	|1891.82	|T0    |11:19:36.550
900|399391	|投资时钟	|24185277	|3172014.26	    |2673.35   |	2684.58		|3221.5		|2147.66	|2679.93	|2679.93	|T0    |11:19:36.550	
900|399392	|国证新兴	|45474579	|8456861.25	    |2185.07   |	2197.62		|2637.14	|1758.1 	|2197.64	|2197.64	|T0    |11:19:36.550	
900|399393	|国证地产	|7554864	|597699.85	    |5630.14   |	5654.22		|6785.06	|4523.38	|5615.36	|5615.36	|T0    |11:19:36.550	
900|399394	|国证医药	|15619605	|4663920.22	    |11810.31  |	11860.11	|14232.13	|9488.09	|12157.23	|12157.23	|T0    |11:19:36.550
900|399395	|国证有色	|12473067	|1371467.78	    |3302.39   |	3319.55		|3983.46	|2655.64	|3295.63	|3295.63	|T0    |11:19:36.550	
900|399396	|国证食品	|6312471	|1809038.82	    |18178.30  |	18263.48	|21916.18	|14610.78	|18356.29	|18356.29	|T0    |11:19:36.550
900|399397	|OCT文化	|17171951	|1906850.33	    |1938.05   |	1948.15		|2337.78	|1558.52	|1966.29	|1966.29	|T0    |11:19:36.550	
900|399398	|绩效指数	|12237489	|3699542.66	    |8850.93   |	8886.46		|10663.75	|7109.17	|8954.82	|8954.82	|T0    |11:19:36.550	
900|399399	|中经GDP	|90159874	|12366796.78	|6958.03   |	6990.61		|8388.73	|5592.49	|6993.88	|6993.88	|T0    |11:19:36.550	
900|399400	|大中盘	    |149174724	|22459543.32	|3298.01   |	3314.26		|3977.11	|2651.41	|3312.22	|3312.22	|T0    |11:19:36.550
900|399401	|中小盘	    |185170388	|20948369.79	|3614.54   |	3636.08		|4363.3		|2908.86	|3648.94	|3648.94	|T0    |11:19:36.550
900|399402	|周期100	|37202099	|4833868.04	    |2793.82   |	2809.79		|3371.75	|2247.83	|2790.57	|2790.57	|T0    |11:19:36.550	
900|399403	|防御100	|28271923	|6534641.54	    |7904.04   |	7936.60		|9523.92	|6349.28	|7997.01	|7997.01	|T0    |11:19:36.550	
900|399404	|大盘低波	|14759802	|1343476.42	    |4377.83   |	4389.55		|5267.46	|3511.64	|4380.09	|4380.09	|T0    |11:19:36.550	
900|399405	|大盘高贝	|22838700	|4655180.17	    |2144.61   |	2162.67		|2595.2		|1730.14	|2153.88	|2153.88	|T0    |11:19:36.550	
900|399406	|中盘低波	|19754593	|1872204.85	    |9558.16   |	9588.26		|11505.91	|7670.61	|9613.75	|9613.75	|T0    |11:19:36.550	
900|399407	|中盘高贝	|35480717	|4603592.31	    |2577.02   |	2597.31		|3116.77	|2077.85	|2595.07	|2595.07	|T0    |11:19:36.550	
900|399408	|小盘低波	|22830949	|1819064.17	    |9660.40   |	9705.15		|11646.18	|7764.12	|9713.60	|9713.60	|T0    |11:19:36.550	
900|399409	|小盘高贝	|46975380	|4920126.66	    |3900.45   |	3937.08		|4724.5		|3149.66	|3950.35	|3950.35	|T0    |11:19:36.550	
900|399410	|苏州率先	|4087647	|635154.46	    |2055.57   |	2069.45		|2483.34	|1655.56	|2059.13	|2059.13	|T0    |11:19:36.550	
900|399411	|红利100	|18492312	|2148718.58	    |2842.28   |	2848.39		|3418.07	|2278.71	|2850.76	|2850.76	|T0    |11:19:36.550	
900|399412	|国证新能	|20063714	|2696721.07	    |1751.59   |	1764.51		|2117.41	|1411.61	|1759.17	|1759.17	|T0    |11:19:36.550	
900|399413	|国证转债	|1665591	|2670296.89	    |131.38    |	131.56		|157.87		|105.25 	|131.63	    |131.63	    |T0    |11:19:36.550
900|399415	|i100	    |18798509	|5626369.90	    |5501.22   |	5523.38		|6628.06	|4418.7 	|5572.32	|5572.32	|T0    |11:19:36.550
900|399416	|i300	    |38176991	|6227356.53	    |3369.72   |	3385.34		|4062.41	|2708.27	|3387.17	|3387.17	|T0    |11:19:36.550
900|399417	|新能源车	|11548792	|1808932.25	    |1828.00   |	1842.86		|2211.43	|1474.29	|1825.86	|1825.86	|T0    |11:19:36.550	
900|399418	|国证国安	|35372560	|5578215.08	    |3100.04   |	3120.10		|3744.12	|2496.08	|3119.38	|3119.38	|T0    |11:19:36.550	
900|399419	|国证高铁	|10622119	|863939.69	    |1561.06   |	1569.69		|1883.63	|1255.75	|1563.49	|1563.49	|T0    |11:19:36.550	
900|399420	|国证保证	|13851346	|1884514.88	    |1260.51   |	1270.16		|1524.19	|1016.13	|1266.64	|1266.64	|T0    |11:19:36.550	
900|399422	|中关村A	|46978700	|5366634.58	    |2962.53   |	2981.49		|3577.79	|2385.19	|2984.53	|2984.53	|T0    |11:19:36.550	
900|399423	|中关村50   |17688524	|2427537.00	    |2771.74   |	2788.13		|3345.76	|2230.5 	|2782.41	|2782.41	|T0    |11:19:36.550
900|399427	|专利领先	|39385668	|2102587.51	    |2412.53   |	2424.59		|2909.51	|1939.67	|2424.85	|2424.85	|T0    |11:19:36.550	
900|399428	|国证定增	|28804390	|3358660.24	    |2340.45   |	2354.03		|2824.84	|1883.22	|2354.02	|2354.02	|T0    |11:19:36.550	
900|399429	|新丝路	    |20363691	|1669470.13	    |1076.31   |	1081.14		|1297.37	|864.91 	|1080.00	|1080.00	|T0    |11:19:36.550
900|399431	|国证银行	|7249273	|572807.94	    |5882.06   |	5901.96		|7082.35	|4721.57	|5881.56	|5881.56	|T0    |11:19:36.550	
900|399432	|国证汽车	|5173278	|1504873.40	    |2515.95   |	2542.36		|3050.83	|2033.89	|2504.47	|2504.47	|T0    |11:19:36.550	
900|399433	|国证交运	|9234714	|601304.93	    |1525.20   |	1529.54		|1835.45	|1223.63	|1530.44	|1530.44	|T0    |11:19:36.550	
900|399434	|国证传媒	|15794237	|852383.75	    |1747.83   |	1760.77		|2112.92	|1408.62	|1776.69	|1776.69	|T0    |11:19:36.550	
900|399435	|国证农牧	|28424652	|2972136.19	    |5130.02   |	5138.74		|6166.49	|4110.99	|5151.21	|5151.21	|T0    |11:19:36.550	
900|399436	|国证煤炭	|3448595	|143174.48	    |2073.03   |	2081.30		|2497.56	|1665.04	|2063.87	|2063.87	|T0    |11:19:36.550	
900|399437	|国证证券	|16640396	|2173483.63	    |5430.67   |	5484.18		|6581.02	|4387.34	|5482.20	|5482.20	|T0    |11:19:36.550	
900|399438	|国证电力	|4338581	|242702.13	    |1640.72   |	1643.75		|1972.5		|1315		|1639.21	|1639.21	|T0    |11:19:36.550	
900|399439	|国证油气	|5336026	|248442.50	    |1190.09   |	1197.04		|1436.45	|957.63 	|1193.44	|1193.44	|T0    |11:19:36.550	
900|399440	|国证钢铁	|7385845	|405777.49	    |1079.00   |	1083.24		|1299.89	|866.59 	|1091.20	|1091.20	|T0    |11:19:36.550	
900|399441	|生物医药	|4018472	|1465188.45	    |3758.19   |	3780.35		|4536.42	|3024.28	|3884.08	|3884.08	|T0    |11:19:36.550	
900|399481	|国证企债	|199502		|201071.11	    |128.65    |	128.65		|154.38		|102.92 	|128.68	    |128.68	    |T0    |11:19:36.550
900|399550	|央视50	    |11466581	|3409831.49	    |6847.93   |	6876.76		|8252.11	|5501.41	|6862.05	|6862.05	|T0    |11:19:36.550
900|399551	|央视创新	|14312674	|2940143.84	    |7479.07   |	7520.33		|9024.4		|6016.26	|7503.83	|7503.83	|T0    |11:19:36.550	
900|399552	|央视成长	|13885660	|2939279.69	    |7383.02   |	7411.20		|8893.44	|5928.96	|7382.55	|7382.55	|T0    |11:19:36.550	
900|399553	|央视回报	|7844063	|2593963.50	    |5973.70   |	6004.25		|7205.1		|4803.4 	|6036.91	|6036.91	|T0    |11:19:36.550	
900|399554	|央视治理	|14117375	|2760491.74	    |6697.37   |	6726.30		|8071.56	|5381.04	|6716.13	|6716.13	|T0    |11:19:36.550	
900|399555	|央视责任	|15743090	|2441341.37	    |4265.27   |	4284.18		|5141.02	|3427.34	|4276.32	|4276.32	|T0    |11:19:36.550	
900|399556	|央视生态	|13477957	|1589610.62	    |1562.49   |	1571.85		|1886.22	|1257.48	|1563.76	|1563.76	|T0    |11:19:36.550	
900|399557	|央视文化	|17162779	|1907300.83	    |1551.14   |	1559.12		|1870.94	|1247.3 	|1572.70	|1572.70	|T0    |11:19:36.550	
900|399602	|中小成长	|28749139	|4098509.04	    |1161.29   |	1166.61		|1399.93	|933.29 	|1164.66	|1164.66	|T0    |11:19:36.550	
900|399604	|中小价值	|21361789	|2381932.29	    |1430.98   |	1438.72		|1726.46	|1150.98	|1435.98	|1435.98	|T0    |11:19:36.550	
900|399606	|创业板R	|23650356	|5058947.79	    |2073.07   |	2090.46		|2508.55	|1672.37	|2107.23	|2107.23	|T0    |11:19:36.550	
900|399608	|科技100	|30886113	|6689836.06	    |2586.48   |	2607.95		|3129.54	|2086.36	|2616.14	|2616.14	|T0    |11:19:36.550	
900|399610	|TMT50	    |25060372	|4726588.26	    |5645.90   |	5687.02		|6824.42	|4549.62	|5645.42	|5645.42	|T0    |11:19:36.550
900|399611	|中创100R   |33261146	|7655035.68	    |2147.66   |	2160.74		|2592.89	|1728.59	|2164.81	|2164.81	|T0    |11:19:36.550
900|399612	|中创100	|33261146	|7655035.68	    |1946.12   |	1957.97		|2349.56	|1566.38	|1961.66	|1961.66	|T0    |11:19:36.550	
900|399613	|深证能源	|2296036	|184904.04	    |2327.21   |	2345.07		|2814.08	|1876.06	|2324.89	|2324.89	|T0    |11:19:36.550	
900|399614	|深证材料	|18239448	|2262523.57	    |2269.67   |	2281.37		|2737.64	|1825.1 	|2275.06	|2275.06	|T0    |11:19:36.550	
900|399615	|深证工业	|22848164	|2462244.79	    |2415.78   |	2429.98		|2915.98	|1943.98	|2415.31	|2415.31	|T0    |11:19:36.550	
900|399616	|深证可选	|16961091	|1407173.78	    |4996.35   |	5028.30		|6033.96	|4022.64	|5032.77	|5032.77	|T0    |11:19:36.550	
900|399617	|深证消费	|5808612	|1547182.78	    |12642.61  |	12672.44	|15206.93	|10137.95	|12733.38	|12733.38	|T0    |11:19:36.550
900|399618	|深证医药	|10995663	|3219564.21	    |12315.85  |	12378.54	|14854.25	|9902.83	|12718.16	|12718.16	|T0    |11:19:36.550
900|399619	|深证金融	|9134104	|1148526.06	    |5120.62   |	5175.05		|6210.06	|4140.04	|5191.26	|5191.26	|T0    |11:19:36.550	
900|399620	|深证信息	|43514408	|7047307.84	    |4024.59   |	4054.07		|4864.88	|3243.26	|4037.49	|4037.49	|T0    |11:19:36.550	
900|399621	|深证电信	|6854056	|1289167.31	    |3745.35   |	3792.92		|4551.5		|3034.34	|3786.29	|3786.29	|T0    |11:19:36.550	
900|399622	|深证公用	|2024788	|92959.03	    |1441.58   |	1448.56		|1738.27	|1158.85	|1443.06	|1443.06	|T0    |11:19:36.550	
900|399623	|中小基础	|121880510	|13575892.94	|7122.41   |	7162.69		|8595.23	|5730.15	|7181.16	|7181.16	|T0    |11:19:36.550	
900|399624	|中创400	|96518582	|10776558.26	|1799.01   |	1812.85		|2175.42	|1450.28	|1824.50	|1824.50	|T0    |11:19:36.550	
900|399625	|中创500	|129779728	|18431593.94	|1717.98   |	1729.76		|2075.71	|1383.81	|1736.78	|1736.78	|T0    |11:19:36.550	
900|399626	|中创成长	|40099608	|6493366.52	    |1555.11   |	1562.76		|1875.31	|1250.21	|1566.11	|1566.11	|T0    |11:19:36.550	
900|399627	|中创价值	|46914690	|4837932.62	    |1776.00   |	1787.46		|2144.95	|1429.97	|1784.37	|1784.37	|T0    |11:19:36.550	
900|399628	|深证700	|42198624	|4306225.66	    |1739.86   |	1748.93		|2098.72	|1399.14	|1752.02	|1752.02	|T0    |11:19:36.550	
900|399629	|深证700	|50000631	|4121444.05	    |2028.25   |	2036.83		|2444.2 	|1629.46	|2047.57	|2047.57	|T0    |11:19:36.550	
900|399630	|深证1000   |74781869	|10094348.40	|1404.38   |	1411.96		|1694.35	|1129.57	|1413.53	|1413.53	|T0    |11:19:36.550
900|399631	|深证1000   |77308401	|6405754.10	    |1820.08   |	1829.79		|2195.75	|1463.83	|1826.47	|1826.47	|T0    |11:19:36.550
900|399632	|深100EW	|39081598	|7962449.14	    |4527.65   |	4555.71		|5466.85	|3644.57	|4570.90	|4570.90	|T0    |11:19:36.550	
900|399633	|深300EW	|87245430	|14732279.48	|4978.28   |	5008.21		|6009.85	|4006.57	|5028.17	|5028.17	|T0    |11:19:36.550	
900|399634	|中小板EW   |32771839	|6096335.12	    |3560.06   |	3579.39		|4295.27	|2863.51	|3596.04	|3596.04	|T0    |11:19:36.550
900|399635	|创业板EW   |23650356	|5058947.79	    |1860.12   |	1876.95		|2252.34	|1501.56	|1890.72	|1890.72	|T0    |11:19:36.550
900|399636	|深证装备	|19467121	|2740197.40	    |3440.60   |	3468.02		|4161.62	|2774.42	|3444.41	|3444.41	|T0    |11:19:36.550	
900|399637	|深证地产	|3095024	|240314.95	    |4021.45   |	4040.38		|4848.46	|3232.3 	|4031.35	|4031.35	|T0    |11:19:36.550	
900|399638	|深证环保	|11485741	|1043969.35	    |3099.79   |	3129.53		|3755.44	|2503.62	|3101.04	|3101.04	|T0    |11:19:36.550	
900|399639	|深证大宗	|12551372	|1428411.23	    |2064.83   |	2072.66		|2487.19	|1658.13	|2070.00	|2070.00	|T0    |11:19:36.550	
900|399640	|创业基础	|72137664	|10128531.15	|1818.09   |	1831.78		|2198.14	|1465.42	|1845.25	|1845.25	|T0    |11:19:36.550	
900|399641	|深证新兴	|68167554	|11860551.64	|1903.94   |	1916.54		|2299.85	|1533.23	|1919.33	|1919.33	|T0    |11:19:36.550	
900|399642	|中小新兴	|37907614	|5861345.26	    |1627.22   |	1637.73		|1965.28	|1310.18	|1636.07	|1636.07	|T0    |11:19:36.550	
900|399643	|创业新兴	|24254503	|4898507.60	    |2226.31   |	2245.67		|2694.8 	|1796.54	|2266.33	|2266.33	|T0    |11:19:36.550	
900|399644	|深证时钟	|23414787	|2622252.49	    |3236.42   |	3258.06		|3909.67	|2606.45	|3242.57	|3242.57	|T0    |11:19:36.550	
900|399645	|100低波	|15046244	|2616728.89	    |7770.57   |	7806.36		|9367.63	|6245.09	|7809.66	|7809.66	|T0    |11:19:36.550	
900|399646	|深消费50   |17400883	|2649203.40	    |7734.75   |	7769.70		|9323.64	|6215.76	|7778.44	|7778.44	|T0    |11:19:36.550
900|399647	|深医药50   |11938742	|3172512.67	    |12016.12  |	12073.63	|14488.36	|9658.9 	|12399.15	|12399.15	|T0    |11:19:36.550
900|399648	|深证GDP	|30230364	|5082493.89	    |8161.21   |	8185.05		|9822.06	|6548.04	|8178.23	|8178.23	|T0    |11:19:36.550	
900|399649	|中小红利	|11347584	|1589119.45	    |2675.38   |	2685.38		|3222.46	|2148.3 	|2685.25	|2685.25	|T0    |11:19:36.550	
900|399650	|中小治理	|6239891	|1567378.74	    |2306.21   |	2313.49		|2776.19	|1850.79	|2307.11	|2307.11	|T0    |11:19:36.550	
900|399651	|中小责任	|9751450	|1795246.33	    |1634.65   |	1642.66		|1971.19	|1314.13	|1629.78	|1629.78	|T0    |11:19:36.550	
900|399652	|中创高新	|8369260	|2034206.49	    |2833.75   |	2858.27		|3429.92	|2286.62	|2887.71	|2887.71	|T0    |11:19:36.550	
900|399653	|深证龙头	|22249021	|3801965.13	    |2289.30   |	2303.90		|2764.68	|1843.12	|2299.44	|2299.44	|T0    |11:19:36.550	
900|399654	|深证文化	|21180874	|1792786.91	    |2593.30   |	2614.39		|3137.27	|2091.51	|2642.95	|2642.95	|T0    |11:19:36.550	
900|399655	|深证绩效	|13763644	|4026789.56	    |8879.88   |	8925.23		|10710.28	|7140.18	|9013.76	|9013.76	|T0    |11:19:36.550	
900|399656	|100绩效	|39081598	|7962449.14	    |5836.11   |	5869.42		|7043.3 	|4695.54	|5900.03	|5900.03	|T0    |11:19:36.550	
900|399657	|300绩效	|87245430	|14732279.48	|6046.62   |	6081.41		|7297.69	|4865.13	|6118.37	|6118.37	|T0    |11:19:36.550	
900|399658	|中小绩效	|32771839	|6096335.12	    |4291.85   |	4311.15		|5173.38	|3448.92	|4335.43	|4335.43	|T0    |11:19:36.550	
900|399659	|深成指EW   |138672282	|19774895.12	|3593.15   |	3616.39		|4339.67	|2893.11	|3629.78	|3629.78	|T0    |11:19:36.550
900|399660	|中创EW	    |33261146	|7655035.68	    |2355.55   |	2369.89		|2843.87	|1895.91	|2378.87	|2378.87	|T0    |11:19:36.550
900|399661	|深证低波	|18954695	|2875703.08	    |4490.88   |	4506.26		|5407.51	|3605.01	|4519.28	|4519.28	|T0    |11:19:36.550	
900|399662	|深证高贝	|44406055	|6898745.26	    |1818.29   |	1834.17		|2201		|1467.34	|1832.97	|1832.97	|T0    |11:19:36.550	
900|399663	|中小低波	|18258663	|2972419.71	    |1311.50   |	1316.12		|1579.34	|1052.9 	|1324.44	|1324.44	|T0    |11:19:36.550	
900|399664	|中小高贝	|38293649	|4737611.86	    |1019.65   |	1028.66		|1234.39	|822.93 	|1030.14	|1030.14	|T0    |11:19:36.550	
900|399665	|中创低波	|39191668	|5988929.57	    |1502.42   |	1510.62		|1812.74	|1208.5 	|1517.40	|1517.40	|T0    |11:19:36.550	
900|399666	|中创高贝	|66351699	|8799020.68	    |1429.29   |	1444.74		|1733.69	|1155.79	|1447.84	|1447.84	|T0    |11:19:36.550	
900|399667	|创业板G	|15319832	|2994949.38	    |2896.62   |	2915.10		|3498.12	|2332.08	|2929.07	|2929.07	|T0    |11:19:36.550	
900|399668	|创业板V	|23658255	|2406027.98	    |2645.66   |	2669.11		|3202.93	|2135.29	|2664.01	|2664.01	|T0    |11:19:36.550	
900|399669	|深证农业	|18233452	|2468799.29	    |9973.10   |	10006.71	|12008.05	|8005.37	|10066.39	|10066.39	|T0    |11:19:36.550
900|399670	|深周期50   |18629784	|2541601.03	    |2805.47   |	2823.59		|3388.31	|2258.87	|2787.81	|2787.81	|T0    |11:19:36.550
900|399671	|深防御50   |14094491	|3933115.31	    |8079.25   |	8112.26		|9734.71	|6489.81	|8186.55	|8186.55	|T0    |11:19:36.550
900|399672	|深红利50   |7296088	|1638135.44	    |3663.98   |	3669.99		|4403.99	|2935.99	|3686.81	|3686.81	|T0    |11:19:36.550
900|399673	|创业板50   |15429820	|3765487.31	    |1670.83   |	1685.07		|2022.08	|1348.06	|1700.73	|1700.73	|T0    |11:19:36.550
900|399674	|深A医药	|33624921	|5623429.20	    |2397.25   |	2406.98		|2888.38	|1925.58	|2468.49	|2468.49	|T0    |11:19:36.550	
900|399675	|深互联网	|31172572	|4386947.04	    |3331.30   |	3360.93		|4033.12	|2688.74	|3409.28	|3409.28	|T0    |11:19:36.550	
900|399676	|深医药EW   |33624921	|5623429.20	    |2939.41   |	2946.37		|3535.64	|2357.1 	|3011.31	|3011.31	|T0    |11:19:36.550
900|399677	|深互联EW   |31172572	|4386947.04	    |3968.28   |	4002.45		|4802.94	|3201.96	|4062.17	|4062.17	|T0    |11:19:36.550
900|399678	|深次新股	|4554896	|1512818.96	    |1052.54   |	1055.64		|1266.77	|844.51 	|1066.70	|1066.70	|T0    |11:19:36.550	
900|399679	|深证200R   |48163831	|6769830.34	    |4583.98   |	4613.61		|5536.33	|3690.89	|4627.34	|4627.34	|T0    |11:19:36.550
900|399680	|深成能源	|1572603	|153753.74	    |516.23    |	519.36		|623.23		|415.49 	|515.41	    |515.41	    |T0    |11:19:36.550
900|399681	|深成材料	|12741730	|1503589.80	    |796.06    |	800.68		|960.82		|640.54 	|797.66	    |797.66	    |T0    |11:19:36.550
900|399682	|深成工业	|13196212	|1684699.13	    |1010.48   |	1017.40		|1220.88	|813.92 	|1009.14	|1009.14	|T0    |11:19:36.550	
900|399683	|深成可选	|23330882	|1710353.33	    |1510.64   |	1519.41		|1823.29	|1215.53	|1518.42	|1518.42	|T0    |11:19:36.550	
900|399684	|深成消费	|11303953	|1942543.27	    |2464.81   |	2474.55		|2969.46	|1979.64	|2481.88	|2481.88	|T0    |11:19:36.550	
900|399685	|深成医药	|14220608	|3446556.92	    |2438.03   |	2449.75		|2939.7		|1959.8 	|2514.52	|2514.52	|T0    |11:19:36.550	
900|399686	|深成金融	|11422183	|1277079.39	    |1584.90   |	1600.37		|1920.44	|1280.3 	|1602.72	|1602.72	|T0    |11:19:36.550	
900|399687	|深成信息	|42391544	|6845768.53	    |2664.56   |	2684.90		|3221.88	|2147.92	|2673.01	|2673.01	|T0    |11:19:36.550	
900|399688	|深成电信	|4257581	|921226.17	    |1937.89   |	1959.12		|2350.94	|1567.3 	|1950.63	|1950.63	|T0    |11:19:36.550	
900|399689	|深成公用	|1181612	|48072.06	    |761.21    |	763.84		|916.61		|611.07 	|759.99	    |759.99	    |T0    |11:19:36.550
900|399690	|中小专利	|13509520	|969975.84	    |1847.58   |	1855.81		|2226.97	|1484.65	|1854.91	|1854.91	|T0    |11:19:36.550	
900|399691	|创业专利	|12977857	|1138046.70	    |2515.31   |	2546.65		|3055.98	|2037.32	|2558.69	|2558.69	|T0    |11:19:36.550	
900|399692	|创业低波	|12810234	|2320708.89	    |2524.68   |	2543.63		|3052.36	|2034.9 	|2550.43	|2550.43	|T0    |10:38:11.000	
900|399693	|安防产业	|10282804	|1496289.66	    |3870.96   |	3902.48		|4682.98	|3121.98	|3918.38	|3918.38	|T0    |11:19:36.550	
900|399694	|创业高贝	|31666990	|4337697.00	    |2745.07   |	2775.63		|3330.76	|2220.5 	|2795.94	|2795.94	|T0    |11:19:36.550	
900|399695	|深证节能	|18662563	|1796042.17	    |2102.25   |	2113.03		|2535.64	|1690.42	|2109.07	|2109.07	|T0    |11:19:36.550	
900|399696	|深证创投	|27525593	|3386452.10	    |2349.58   |	2368.95		|2842.74	|1895.16	|2374.93	|2374.93	|T0    |11:19:36.550	
900|399697	|中关村60   |13521671	|1680531.14	    |4205.81   |	4242.95		|5091.54	|3394.36	|4269.08	|4269.08	|T0    |11:19:36.550
900|399698	|优势成长	|5563306	|351188.91	    |18376.85  |	18430.98	|22117.18	|14744.78	|18471.66	|18471.66	|T0    |11:19:36.550
900|399699	|金融科技	|21521394	|3549827.87	    |3507.72   |	3536.57		|4243.88	|2829.26	|3563.28	|3563.28	|T0    |10:38:11.000	
900|399701	|深证F60	|22805043	|3074976.04	    |7493.00   |	7536.25		|9043.5		|6029		|7492.64	|7492.64	|T0    |11:19:36.550	
900|399702	|深证F120   |38159499	|5250964.17	    |6767.41   |	6805.09		|8166.11	|5444.07	|6766.38	|6766.38	|T0    |11:19:36.550
900|399703	|深证F200   |59950777	|8383002.41	    |6491.55   |	6528.27		|7833.92	|5222.62	|6496.36	|6496.36	|T0    |11:19:36.550
900|399704	|深证上游	|8587502	|868645.01	    |3221.62   |	3239.21		|3887.05	|2591.37	|3211.10	|3211.10	|T0    |11:19:36.550	
900|399705	|深证中游	|45908098	|6778292.71	    |2406.79   |	2422.89		|2907.47	|1938.31	|2399.82	|2399.82	|T0    |11:19:36.550	
900|399706	|深证下游	|28588854	|6427388.48	    |6336.44   |	6370.69		|7644.83	|5096.55	|6421.94	|6421.94	|T0    |11:19:36.550	
900|399707	|CSSW 证	|19442600	|2170535.35	    |5811.70   |	5861.13		|7033.36	|4688.9 	|5852.39	|5852.39	|T0    |11:19:36.550	
900|399802	|500深市	|76086479	|7915135.40	    |4919.27   |	4952.50		|5943		|3962		|4968.09	|4968.09	|T0    |11:19:36.550	
900|399803	|工业4.0	|11012252	|3128635.98	    |3006.27   |	3024.69		|3629.63	|2419.75	|2973.74	|2973.74	|T0    |11:19:36.550	
900|399804	|中证体育	|3625985	|639068.56	    |1967.63   |	1948.74		|2338.49	|1558.99	|1966.25	|1966.25	|T0    |11:19:36.550	
900|399805	|互联金融	|24208669	|3295712.08	    |2687.72   |	2706.50		|3247.8		|2165.2 	|2734.08	|2734.08	|T0    |11:19:36.550	
900|399806	|环境治理	|5704576	|439029.17	    |1418.14   |	1425.12		|1710.14	|1140.1 	|1427.04	|1427.04	|T0    |11:19:36.550	
900|399807	|高铁产业	|5624853	|403894.02	    |1347.77   |	1354.59		|1625.51	|1083.67	|1350.57	|1350.57	|T0    |11:19:36.550	
900|399808	|中证新能	|20352738	|2344134.71	    |1497.41   |	1506.84		|1808.21	|1205.47	|1495.20	|1495.20	|T0    |11:19:36.550	
900|399809	|保险主题	|3443712	|538638.18	    |1940.51   |	1948.86		|2338.63	|1559.09	|1945.45	|1945.45	|T0    |11:19:36.550	
900|399810	|CSSW 传	|17415340	|1725353.68	    |2897.06   |	2927.77		|3513.32	|2342.22	|2969.71	|2969.71	|T0    |11:19:36.550	
900|399811	|CSSW 电	|31557635	|5359042.87	    |3168.48   |	3189.32		|3827.18	|2551.46	|3139.20	|3139.20	|T0    |10:38:11.000	
900|399812	|养老产业	|18719183	|3870479.21	    |7557.94   |	7584.05		|9100.86	|6067.24	|7685.38	|7685.38	|T0    |11:19:36.550	
900|399813	|中证国安	|30254030	|5219733.63	    |5531.44   |	5562.50		|6675		|4450		|5568.01	|5568.01	|T0    |11:19:36.550	
900|399814	|大农业	    |20415041	|2546507.84	    |1416.64   |	1417.95		|1701.54	|1134.36	|1430.72	|1430.72	|T0    |11:19:36.550
900|399817	|生态100	|8388615	|568455.91	    |1039.90   |	1046.12		|1255.34	|836.9		|1042.95	|1042.95	|T0    |11:19:36.550	
900|399901	|小康指数	|33263637	|3665117.14	    |4639.36   |	4660.73		|5592.88	|3728.58	|4652.75	|4652.75	|T0    |11:19:36.550	
900|399903	|中证100	|43895845	|6530834.83	    |3861.95   |	3879.87		|4655.84	|3103.9		|3870.57	|3870.57	|T0    |11:19:36.550	
900|399904	|中证200	|56589187	|8928697.05	    |4039.19   |	4059.90		|4871.88	|3247.92	|4061.37	|4061.37	|T0    |10:38:11.000	
900|399905	|中证500	|125098462	|12835288.55	|5271.80   |	5301.27		|6361.52	|4241.02	|5322.46	|5322.46	|T0    |11:19:36.550	
900|399913	|300医药	|6331414	|2008564.92	    |11607.43  |	11642.92	|13971.5	|9314.34	|11910.70	|11910.70	|T0    |11:19:36.550
900|399914	|300金融	|28624309	|3489125.81	    |5891.76   |	5923.02		|7107.62	|4738.42	|5903.55	|5903.55	|T0    |11:19:36.550	
900|399918	|300成长	|23864051	|5992118.22	    |4757.70   |	4780.29		|5736.35	|3824.23	|4782.08	|4782.08	|T0    |11:19:36.550	
900|399928	|中证能源	|5778636	|354627.22	    |1469.68   |	1476.88		|1772.26	|1181.5		|1468.80	|1468.80	|T0    |11:19:36.550	
900|399932	|中证消费	|13485934	|2341127.02	    |16832.22  |	16888.75	|20266.5	|13511  	|16901.76	|16901.76	|T0    |11:19:36.550
900|399933	|中证医药	|20254835	|4450908.64	    |11062.74  |	11117.08	|13340.5	|8893.66	|11376.44	|11376.44	|T0    |11:19:36.550
900|399934	|中证金融	|38979687	|4166315.81	    |5638.04   |	5668.06		|6801.67	|4534.45	|5651.63	|5651.63	|T0    |11:19:36.550	
900|399935	|中证信息	|38102242	|6911120.89	    |4956.17   |	4990.80		|5988.96	|3992.64	|4960.86	|4960.86	|T0    |11:19:36.550	
900|399944	|内地资源	|13503695	|1172549.30	    |1981.13   |	1991.38		|2389.66	|1593.1 	|1976.78	|1976.78	|T0    |11:19:36.550	
900|399958	|创业成长	|8721174	|2491525.59	    |1164.20   |	1172.15		|1406.58	|937.72 	|1185.73	|1185.73	|T0    |11:19:36.550	
900|399959	|军工指数	|9923815	|1536498.68	    |1092.84   |	1098.51		|1318.21	|878.81 	|1091.54	|1091.54	|T0    |11:19:36.550	
900|399965	|800地产	|5780588	|520978.28	    |5985.18   |	6016.60		|7219.92	|4813.28	|5960.19	|5960.19	|T0    |11:19:36.550	
900|399966	|800证保	|25236173	|3037457.71	    |5567.63   |	5612.83		|6735.4 	|4490.26	|5612.81	|5612.81	|T0    |11:19:36.550	
900|399967	|中证军工	|6403759	|983063.39	    |8205.91   |	8249.62		|9899.54	|6599.7 	|8200.85	|8200.85	|T0    |11:19:36.550	
900|399970	|移动互联	|29520990	|7489070.42	    |2859.04   |	2879.93		|3455.92	|2303.94	|2874.06	|2874.06	|T0    |11:19:36.550	
900|399971	|中证传媒	|16949927	|1635078.06	    |1345.01   |	1353.32		|1623.98	|1082.66	|1365.74	|1365.74	|T0    |10:38:11.000	
900|399972	|300深市	|40505405	|7588933.08	    |4758.37   |	4786.87		|5744.24	|3829.5 	|4780.00	|4780.00	|T0    |11:19:36.550	
900|399973	|中证国防	|4731856	|823417.43	    |1247.51   |	1256.21		|1507.45	|1004.97	|1249.48	|1249.48	|T0    |11:19:36.550	
900|399974	|国企改革	|30492171	|5686776.57	    |1459.74   |	1467.74		|1761.29	|1174.19	|1464.73	|1464.73	|T0    |11:19:36.550	
900|399975	|证券公司	|25350398	|2936243.62	    |714.36    |	721.12		|865.34		|576.9		|721.15	    |721.15	    |T0    |11:19:36.550
900|399976	|CS 新能	|4012948	|1249945.48	    |1991.41   |	2010.83		|2413		|1608.66	|1977.07	|1977.07	|T0    |11:19:36.550	
900|399982	|500等权	|125098462	|12835288.55	|6116.64   |	6147.49		|7376.99	|4917.99	|6173.47	|6173.47	|T0    |11:19:36.550	
900|399983	|地产等权	|2983574	|355964.68	    |6648.15   |	6686.50		|8023.8		|5349.2 	|6609.66	|6609.66	|T0    |10:38:11.000	
900|399986	|银行指数	|8074457	|612870.13	    |5837.96   |	5858.46		|7030.15	|4686.77	|5836.89	|5836.89	|T0    |11:19:36.550	
900|399987	|中证酒	    |1492046	|846922.97	    |4244.31   |	4268.85		|5122.62	|3415.08	|4286.95	|4286.95	|T0    |11:19:36.550
900|399989	|中证医疗	|5733053	|2001745.90	    |10755.06  |	10796.45	|12955.74	|8637.16	|11178.85	|11178.85	|T0    |11:19:36.550
900|399990	|煤炭等权	|4057223	|169158.83	    |1418.45   |	1425.74		|1710.89	|1140.59	|1413.68	|1413.68	|T0    |11:19:36.550	
900|399991	|一带一路	|27937827	|2520161.74	    |1413.87   |	1419.32		|1703.18	|1135.46	|1418.63	|1418.63	|T0    |11:19:36.550	
900|399992	|3CSWD      |10774437	|1424779.33	    |1495.52   |	1501.16		|1801.39	|1200.93	|1509.36	|1509.36	|T0    |11:19:36.550
900|399993	|CSWD 生	|4855580	|1682602.82	    |3587.29   |	3601.52		|4321.82	|2881.22	|3715.45	|3715.45	|T0    |11:19:36.550	
900|399994	|信息安全	|26612150	|4717306.15	    |1962.77   |	1978.54		|2374.25	|1582.83	|1975.67	|1975.67	|T0    |11:19:36.550	
900|399995	|基建工程	|10281237	|566256.97	    |3615.19   |	3632.49		|4358.99	|2905.99	|3615.59	|3615.59	|T0    |11:19:36.550	
900|399996	|智能家居	|42885657	|6740621.18	    |2939.21   |	2961.47		|3553.76	|2369.18	|2954.02	|2954.02	|T0    |11:19:36.550	
900|399997	|中证白酒	|948365		|744455.12	    |7562.59   |	7609.97		|9131.96	|6087.98	|7606.35	|7606.35	|T0    |11:19:36.550	
900|399998	|中证煤炭	|4057223	|169158.83	    |1078.71   |	1083.69		|1300.43    |866.95 	|1075.27	|1075.27	|T0    |11:19:36.550	